
dump.coord_num_C_1.7_Si_1.85
0 1 2 3 4
1090 1036 538 172 28
1982 807 70 5 0
671 1102 736 292 63

dump.coord_num_C_1.7_Si_1.9
0 1 2 3 4
1090 1036 538 172 28
953 1138 598 151 24
206 712 1107 659 180

dump.coord_num_C_1.7_Si_1.95
0 1 2 3 4
1090 1036 538 172 28
408 861 906 500 189
45 283 814 1130 592

dump.coord_num_C_1.7_Si_2.0
0 1 2 3 4
1090 1036 538 172 28
200 575 884 753 452
13 96 417 1132 1206

dump.coord_num_C_1.7_Si_2.05
0 1 2 3 4
1090 1036 538 172 28
113 427 782 885 657
2 33 220 895 1714

dump.coord_num_C_1.7_Si_2.1
0 1 2 3 4
1090 1036 538 172 28
80 338 726 945 775
0 12 126 703 2023

dump.coord_num_C_1.7_Si_2.15
0 1 2 3 4
1090 1036 538 172 28
73 292 678 974 847
0 8 77 580 2199

dump.coord_num_C_1.7_Si_2.2
0 1 2 3 4
1090 1036 538 172 28
63 280 654 974 893
0 5 70 479 2310

dump.coord_num_C_1.7_Si_2.25
0 1 2 3 4 5
1090 1036 538 172 28 0
62 265 655 977 904 1
0 5 61 453 2344 1

dump.coord_num_C_1.7_Si_2.3
0 1 2 3 4 5
1090 1036 538 172 28 0
61 266 653 978 905 1
0 5 60 452 2345 2

dump.coord_num_C_1.7_Si_2.35
0 1 2 3 4 5
1090 1036 538 172 28 0
61 266 653 978 905 1
0 5 60 452 2345 2

dump.coord_num_C_1.7_Si_2.4
0 1 2 3 4 5
1090 1036 538 172 28 0
61 266 653 978 905 1
0 5 60 452 2345 2
