name C_sum Si_sum Sum_sum C_avg Si_avg Sum_avg C_max Si_max Sum_max
dump.coord_num_C_1.7_Si_1.85 0.9567039106145251 0.33589385474860334 1.2925977653631284 4.0 3.0 4.0
dump.coord_num_C_1.7_Si_1.9 0.9567039106145251 1.0066340782122905 1.9633379888268156 4.0 4.0 4.0
dump.coord_num_C_1.7_Si_1.95 0.9567039106145251 1.7210195530726258 2.6777234636871508 4.0 4.0 4.0
dump.coord_num_C_1.7_Si_2.0 0.9567039106145251 2.238128491620112 3.194832402234637 4.0 4.0 4.0
dump.coord_num_C_1.7_Si_2.05 0.9567039106145251 2.539804469273743 3.4965083798882683 4.0 4.0 4.0
dump.coord_num_C_1.7_Si_2.1 0.9567039106145251 2.6972765363128492 3.6539804469273744 4.0 4.0 4.0
dump.coord_num_C_1.7_Si_2.15 0.9567039106145251 2.778631284916201 3.7353351955307263 4.0 4.0 4.0
dump.coord_num_C_1.7_Si_2.2 0.9567039106145251 2.821927374301676 3.778631284916201 4.0 4.0 4.0
dump.coord_num_C_1.7_Si_2.25 0.9567039106145251 2.837639664804469 3.7943435754189943 4.0 5.0 5.0
dump.coord_num_C_1.7_Si_2.3 0.9567039106145251 2.839036312849162 3.795740223463687 4.0 5.0 5.0
dump.coord_num_C_1.7_Si_2.35 0.9567039106145251 2.839036312849162 3.795740223463687 4.0 5.0 5.0
dump.coord_num_C_1.7_Si_2.4 0.9567039106145251 2.839036312849162 3.795740223463687 4.0 5.0 5.0