# Fix print output for fix write
0.050000000000000002776 16718.000596290436079
0.10000000000000000555 6207.3058386645843711
0.1500000000000000222 3196.5163831873110212
0.2000000000000000111 1894.970998162683145
0.25 1217.0130585824108493
0.2999999999999999889 824.06471247892375231
0.35000000000000003331 579.89170044478441923
0.4000000000000000222 420.43150087790746738
0.4500000000000000111 312.25951595895429591
0.5 236.60656073503091079
0.55000000000000004441 182.34047154607679886
0.60000000000000008882 142.5696114010084159
0.65000000000000013323 112.87185901391488585
0.70000000000000006661 90.311791209216195853
0.75000000000000011102 72.860694311399441858
0.80000000000000004441 59.031935329450135441
0.85000000000000008882 47.655989632975604309
0.90000000000000013323 37.814374713153142693
0.95000000000000006661 28.970929162775711063
1 21.103423280604129531
1.0500000000000000444 14.471427414537888723
1.1000000000000000888 9.1996078707634936222
1.1500000000000001332 5.1626828880828625756
1.2000000000000001776 2.1223032545822899664
1.250000000000000222 -0.15129971723648338866
1.3000000000000000444 -1.8394157891319942166
1.3500000000000000888 -3.0768673588576724853
1.4000000000000001332 -3.963831380437373042
1.4500000000000001776 -4.5762540187664146885
1.500000000000000222 -4.9730506019048181798
1.5500000000000000444 -5.2007792808999422363
1.6000000000000000888 -5.2966919783216130924
1.6500000000000001332 -5.2908035823431429634
1.7000000000000001776 -5.2073673266172910701
1.750000000000000222 -5.0659784207811506818
1.8000000000000000444 -4.882431914864076461
1.8500000000000000888 -4.6694078872656179513
1.9000000000000001332 -4.4370283909256418298
1.9500000000000001776 -4.1933149341669171406
2 -3.9445664451055697519
2.0499999999999998224 -3.6956724235061715333
2.1000000000000000888 -3.3105597673451674368
2.1499999999999999112 -2.5886170177781977486
2.1999999999999997335 -1.716215439179797464
2.25 -0.90086900673219671987
2.2999999999999998224 -0.30767312215403458397
2.3500000000000000888 -0.024077291946844270321
2.3999999999999999112 0
2.4500000000000001776 0
2.5 0
2.5499999999999998224 0
2.6000000000000000888 0
2.6499999999999999112 0
2.7000000000000001776 0
2.75 0
2.7999999999999998224 0
2.8500000000000000888 0
2.8999999999999999112 0
2.9500000000000001776 0
3 0
3.0499999999999998224 0
