# Fix print output for fix write
0.050000000000000002776 622456822203537024
0.10000000000000000555 151966982163114.28125
0.1500000000000000222 1171260951186.6062012
0.2000000000000000111 37101072673.867584229
0.25 2549518880.256562233
0.2999999999999999889 285931193.869112432
0.35000000000000003331 44962486.020717084408
0.4000000000000000222 9054108.2770343087614
0.4500000000000000111 2202047.1649329643697
0.5 621452.64192249369808
0.55000000000000004441 197767.0924115088128
0.60000000000000008882 69476.376758194004651
0.65000000000000013323 26509.038347817331669
0.70000000000000006661 10845.887650153170398
0.75000000000000011102 4709.3319217285525156
0.80000000000000004441 2151.5570014768236433
0.85000000000000008882 1026.7687875963702027
0.90000000000000013323 508.54635674972263359
0.95000000000000006661 259.88810946220030473
1 136.27666527180346634
1.0500000000000000444 72.912542982136400838
1.1000000000000000888 39.564585094820671429
1.1500000000000001332 21.620354727136220419
1.2000000000000001776 11.789449481868658154
1.250000000000000222 6.3299660293473296591
1.3000000000000000444 3.2720611558680197106
1.3500000000000000888 1.5551283240687256981
1.4000000000000001332 0.5966438442997377134
1.4500000000000001776 0.071072146890545126463
1.500000000000000222 -0.20621542884617818925
1.5500000000000000444 -0.34120916888856445137
1.6000000000000000888 -0.3953214679364122075
1.6500000000000001332 -0.40435000980797652925
1.7000000000000001776 -0.38920499936135699581
1.750000000000000222 -0.36206430204037792775
1.8000000000000000444 -0.3299496492542796644
1.8500000000000000888 -0.2968269581769121257
1.9000000000000001332 -0.26485093313350310806
1.9500000000000001776 -0.23510772150548447934
2 -0.20806012875286578057
2.0499999999999998224 -0.18381504382794686125
2.1000000000000000888 -0.16228384407140669654
2.1499999999999999112 -0.14327804170063329625
2.1999999999999997335 -0.12656562201330123774
2.25 -0.11190350717427259564
2.2999999999999998224 -0.099055557228898999389
2.3500000000000000888 -0.087801869867007567572
2.3999999999999999112 -0.077942912725907906313
2.4500000000000001776 -0.069300654619396703793
2.5 -0.061718019106553050068
2.5499999999999998224 -0.055057462690977866659
2.6000000000000000888 -0.049199157483697464333
2.6499999999999999112 -0.044039058903654323962
2.7000000000000001776 -0.039487016386507790833
2.75 -0.035465010256458068261
2.7999999999999998224 -0.031905552894082152282
2.8500000000000000888 -0.028750265849277135272
2.8999999999999999112 -0.025948629542204892928
2.9500000000000001776 -0.02345689423335095905
3 0
3.0499999999999998224 0
