# Fix print output for fix write
0.10000000000000000555 2895.5355359999998655
0.1500000000000000222 1661.8844318385831684
0.2000000000000000111 1082.6573891621512757
0.25 756.20036578746896794
0.30000000000000004441 550.59968152794090201
0.3499999999999999778 412.74671660109072491
0.4000000000000000222 316.05221903526512506
0.45000000000000006661 246.05258592878143986
0.5 194.07670279882242426
0.55000000000000004441 154.74708451987274316
0.5999999999999999778 124.50737038351951469
0.6500000000000000222 100.95962781294855404
0.70000000000000006661 82.420815081683883818
0.75 67.691302241139752027
0.80000000000000004441 55.892622961673865234
0.8499999999999999778 46.375497126061439701
0.9000000000000000222 38.650119132562807067
0.95000000000000006661 32.344307840655154962
1 27.170839459371848079
1.0500000000000000444 22.906788003684823707
1.1000000000000000888 19.377256736203918308
1.1500000000000001332 16.44419899827811804
1.2000000000000001776 11.789500813290418435
1.250000000000000222 6.3300292861047591231
1.3000000000000002665 3.2721518559687643446
1.3500000000000000888 1.5551729246471188706
1.4000000000000001332 0.59666936935005576714
1.4500000000000001776 0.071074502961127328238
1.500000000000000222 -0.2062104561772226119
1.5500000000000002665 -0.34120752228927547778
1.6000000000000000888 -0.39531991789212739263
1.6500000000000001332 -0.40434994269117702226
1.7000000000000001776 -0.38920496280848376758
1.750000000000000222 -0.36206375868941392815
1.8000000000000002665 -0.329949802386239055
1.8500000000000000888 -0.29682696710644412841
1.9000000000000001332 -0.264851549988422863
1.9500000000000001776 -0.23510761657696754856
2 -0.2080604279975462878
2.0500000000000002665 -0.18381552154428643098
2.1000000000000000888 -0.16228407019840301873
2.1500000000000003553 -0.1432779982101270444
2.2000000000000001776 -0.1265656275066094627
2.25 -0.11190389085850369066
2.3000000000000002665 -0.099055815724865478589
2.3500000000000000888 -0.087801641953754908099
2.4000000000000003553 -0.077942854893278443185
2.4500000000000001776 -0.069300890953521085414
2.5000000000000004441 -0.061718379067142600802
2.5500000000000002665 -0.055057826820740556062
2.6000000000000000888 -0.049199455622301747904
2.6500000000000003553 -0.044039125254075953131
2.7000000000000001776 -0.039486998612546883591
2.7500000000000004441 -0.035465033036094502361
2.8000000000000002665 -0.031905799974598310353
2.8500000000000000888 -0.028750031168366305817
2.9000000000000003553 -0.02594910465664428123
2.9500000000000001776 -0.023456808935729885068
3.0000000000000004441 0
3.0500000000000002665 0
3.1000000000000000888 0
