# Fix print output for fix write
0.10000000000000000555 107047.29789871044341
0.1500000000000000222 2087.545523046173912
0.2000000000000000111 1187.8387225891749495
0.25 748.60079946955534069
0.30000000000000004441 513.08384449614584355
0.3499999999999999778 363.06339695408081525
0.4000000000000000222 265.83700151256203981
0.45000000000000006661 198.60410342606112977
0.5 151.56712321320594583
0.55000000000000004441 119.9842896472716518
0.5999999999999999778 105.01082039076474928
0.6500000000000000222 102.76696228814228107
0.70000000000000006661 106.73973221341748285
0.75 107.57364723229777326
0.80000000000000004441 94.981211112198508317
0.8499999999999999778 66.774862204529355836
0.9000000000000000222 34.496314410748489365
0.95000000000000006661 11.74183988739389406
1 0.96203920715501878291
1.0500000000000000444 -2.8109405990151179466
1.1000000000000000888 -3.8761923021754070007
1.1500000000000001332 -3.9444950476887057356
1.2000000000000001776 -3.6124166531327728258
1.250000000000000222 -3.1531569458901351766
1.3000000000000002665 -2.686320160868920226
1.3500000000000000888 -2.260272679739818269
1.4000000000000001332 -1.8905194207520825689
1.4500000000000001776 -1.5779096630102731336
1.500000000000000222 -1.3170957428879368489
1.5500000000000002665 -1.1011729584096010548
1.6000000000000000888 -0.92287280010265193564
1.6500000000000001332 -0.7758088462103406302
1.7000000000000001776 -0.6543231367536725962
1.750000000000000222 -0.55379205063090231054
1.8000000000000002665 -0.47037767302633931576
1.8500000000000000888 -0.40096383744576857833
1.9000000000000001332 -0.34301603540812020121
1.9500000000000001776 -0.2944684310350524914
2 -0.25365139276466946994
2.0500000000000002665 -0.21921693621524698803
2.1000000000000000888 -0.19006355721350048915
2.1500000000000003553 -0.16530457903128031871
2.2000000000000001776 -0.14420114156220509294
2.25 -0.12615854341773619085
2.3000000000000002665 -0.11068074527663041007
2.3500000000000000888 -0.097364921306587887129
2.4000000000000003553 -0.085874070122898493729
2.4500000000000001776 -0.075928859180126179185
2.5000000000000004441 -0.067297885731485082572
2.5500000000000002665 -0.05978696356861262079
2.6000000000000000888 -0.053233887237834641437
2.6500000000000003553 -0.047501825969991376408
2.7000000000000001776 -0.042475607408784990526
2.7500000000000004441 -0.038058177801616188685
2.8000000000000002665 -0.034166649501927492949
2.8500000000000000888 -0.030730842817556239255
2.9000000000000003553 -0.027691054555261163106
2.9500000000000001776 -0.024995910196410342508
3.0000000000000004441 -0.022601566128821890672
3.0500000000000002665 -0.020470349820504104427
3.1000000000000000888 -0.01856973853375613881
3.1500000000000003553 -0.016871715490392451275
3.2000000000000001776 -0.015351942652709551704
3.2500000000000004441 -0.013989424288731110504
3.3000000000000002665 -0.012765872305383646479
3.3500000000000000888 -0.011665268842060405249
3.4000000000000003553 -0.010673756429758807923
3.4500000000000001776 -0.0097791218793282612409
3.5000000000000004441 -0.0089707583166376645561
3.5500000000000002665 -0.0082392447870747679423
3.6000000000000000888 -0.0075763560351973817039
3.6500000000000003553 -0.0069748337385420076592
3.7000000000000001776 -0.0064282895133350066719
3.7500000000000004441 -0.0059310561286009966936
3.8000000000000002665 -0.0054781086514665627493
3.8500000000000000888 -0.0050649960888134049758
3.9000000000000003553 -0.0046877673403315379269
3.9500000000000001776 -0.004342901445956354016
4 -0.0040272812569712929456
4.0499999999999998224 -0.0037380886276953424058
4.0999999999999996447 -0.0034728304522322695283
4.1499999999999994671 -0.0032292700006975403465
4.2000000000000001776 -0.003005409509857069443
4.25 -0.0027994434041332676329
4.2999999999999998224 -0.0026097489363738988338
4.3499999999999996447 -0.0024348913770359977005
4.3999999999999994671 -0.0022735475074656696405
4.4500000000000001776 -0.0021245331594512721282
4.5 -0.0019867888124887847674
4.5499999999999998224 -0.0018593575461099967009
4.5999999999999996447 -0.0017413527198962689465
4.6499999999999994671 -0.0016319992467957638096
4.7000000000000001776 -0.0015305664644110342828
4.75 -0.0014364151876489763496
4.7999999999999998224 -0.0013489555585228772423
4.8499999999999996447 -0.0012676363812609064627
4.9000000000000003553 -0.0011919851171922470155
4.9500000000000001776 -0.0011215555472319995063
5 -0.0010559280621099480756
5.0499999999999998224 -0.00099472872390288799918
5.0999999999999996447 -0.00093763402380088163666
5.1500000000000003553 -0.00088432720415666462872
5.2000000000000001776 -0.00083451982497425517948
5.25 -0.00078796047053553423985
5.2999999999999998224 -0.0007443991355130581038
5.3499999999999996447 -0.00070362156246664788774
5.4000000000000003553 -0.00066542528290338830328
5.4500000000000001776 -0.00062963147649384271741
5.5 -0.00059605679109932935538
5.5499999999999998224 -0.00056455548515529257233
5.5999999999999996447 -0.00053497713400119507963
5.6500000000000003553 -0.0005071939567405459124
5.7000000000000001776 -0.00048108234062488384845
5.75 -0.0004565190188428017333
5.7999999999999998224 -0.00043341035550704493052
5.8499999999999996447 -0.0004116586617072218071
5.9000000000000003553 -0.00039116378726384171821
5.9500000000000001776 -0.00037185379506391363696
6 -0.00035363847140341411138
6.0499999999999998224 -0.00033646623256271881173
6.0999999999999996447 -0.00032025116658803532517
6.1500000000000003553 -0.00030494547285417052075
6.2000000000000001776 -0.00029048456596278198968
6.25 -0.00027681984603659449441
6.2999999999999998224 -0.00026389384185293595676
6.3499999999999996447 -0.00025167030417592469024
6.4000000000000003553 -0.00024010014089297811971
6.4500000000000001776 -0.00022914670669305469276
6.5 -0.00021877139623908856093
6.5499999999999998224 -0.00020894341217201861075
6.5999999999999996447 -0.00019962455553213803044
6.6500000000000003553 -0.0001907902279121901864
6.7000000000000001776 -0.00018239780133975751208
6.75 -0.00017443849624487257248
6.7999999999999998224 0
6.8499999999999996447 0
6.9000000000000003553 0
6.9500000000000001776 0
7 0
7.0499999999999998224 0
7.0999999999999996447 0
7.1500000000000003553 0
7.2000000000000001776 0
7.25 0
7.2999999999999998224 0
7.3499999999999996447 0
7.4000000000000003553 0
7.4500000000000001776 0
7.5 0
7.5499999999999998224 0
7.5999999999999996447 0
7.6500000000000003553 0
7.7000000000000001776 0
7.75 0
7.7999999999999998224 0
7.8499999999999996447 0
7.9000000000000003553 0
7.9500000000000001776 0
8 0
8.0500000000000007105 0
8.0999999999999996447 0
8.1500000000000003553 0
8.1999999999999992895 0
8.25 0
8.3000000000000007105 0
8.3499999999999996447 0
8.4000000000000003553 0
8.4499999999999992895 0
8.5 0
8.5500000000000007105 0
8.5999999999999996447 0
8.6500000000000003553 0
8.6999999999999992895 0
8.75 0
8.8000000000000007105 0
8.8499999999999996447 0
8.9000000000000003553 0
8.9499999999999992895 0
9 0
9.0500000000000007105 0
9.0999999999999996447 0
9.1500000000000003553 0
9.1999999999999992895 0
9.25 0
9.3000000000000007105 0
9.3499999999999996447 0
9.4000000000000003553 0
9.4499999999999992895 0
9.5 0
9.5500000000000007105 0
9.5999999999999996447 0
9.6500000000000003553 0
9.7000000000000010658 0
9.75 0
9.8000000000000007105 0
9.8499999999999996447 0
9.9000000000000003553 0
9.9500000000000010658 0
10 0
10.050000000000000711 0
10.099999999999999645 0
