# Fix print output for fix write
0.050000000000000002776 16718.789257990116312
0.10000000000000000555 6207.9896066405099191
0.1500000000000000222 3196.9923399349327156
0.2000000000000000111 1895.2979694752693831
0.25 1217.2349190795785034
0.2999999999999999889 824.21053924129444113
0.35000000000000003331 579.981184551583965
0.4000000000000000222 420.47780491501436018
0.4500000000000000111 312.27056790972869749
0.5 236.58568923584226695
0.55000000000000004441 182.28718861707224619
0.60000000000000008882 142.48189364544683144
0.65000000000000013323 112.75274921695202579
0.70000000000000006661 90.185986477471487888
0.75000000000000011102 72.810782317342258807
0.80000000000000004441 59.264420691543712394
0.85000000000000008882 48.585940772218940253
0.90000000000000013323 40.085558517790914834
0.95000000000000006661 33.260099588767282341
1 27.737086644387336065
1.0500000000000000444 23.237073232340680562
1.1000000000000000888 19.547830379768647902
1.1500000000000001332 16.506372822898441655
1.2000000000000001776 13.986257283315218558
1.250000000000000222 11.888481134876844436
1.3000000000000000444 10.134875545814939102
1.3500000000000000888 8.6632505006450344354
1.4000000000000001332 7.4237860752974631495
1.4500000000000001776 6.3763211337268943524
1.500000000000000222 5.4882957643900880385
1.5500000000000000444 4.7331751908436787701
1.6000000000000000888 4.0892319827764262996
1.6500000000000001332 3.5385975309031065805
1.7000000000000001776 3.0665177507042153948
1.750000000000000222 2.6607650356712229112
1.8000000000000000444 2.3111707254302595871
1.8500000000000000888 2.0092512321967337385
1.9000000000000001332 1.7479074676613863826
1.9500000000000001776 1.5211820130821605002
2 1.3240620529821847118
2.0499999999999998224 1.1523187815095332631
2.1000000000000000888 1.0023760273339585858
2.1499999999999999112 0.87120239775106633751
2.1999999999999997335 0.75622243808621159022
2.25 0.65524322786996891388
2.2999999999999998224 0.56639355618897346822
2.3500000000000000888 0.48807338364722585577
2.3999999999999999112 0.41891174370870642996
2.4500000000000001776 0.35773158903297019862
2.5 0.30352036934237014432
2.5499999999999998224 0.25540535205095227234
2.6000000000000000888 0.21263287736234581793
2.6499999999999999112 0.17455088508147709181
2.7000000000000001776 0.14059416817993991566
2.75 0.1102719038237142124
2.7999999999999998224 0.083157090520242171738
2.8500000000000000888 0.058877583742834277425
2.8999999999999999112 0.037108474594540086233
2.9500000000000001776 0.017565598969010304264
3 0
3.0499999999999998224 0
